{
  "phase": 1,
  "seed": 42,
  "n_requested": 5000,
  "n_kept": 5000,
  "source_jsonl": "data/train.jsonl",
  "hf_revision": "5f09d63fae6f5049bd2360d690f01b68a63d837b",
  "timestamp": "2026-05-08T21:22:48Z",
  "elapsed_sec": 56.02,
  "throughput_per_sec": 89.25,
  "n_layers": 6,
  "d_model": 384,
  "per_layer_norms": [
    {
      "mean": 4.558680057525635,
      "std": 2.2912063598632812,
      "min": 2.3283045291900635,
      "max": 12.824926376342773
    },
    {
      "mean": 7.243453025817871,
      "std": 4.844747543334961,
      "min": 3.6968834400177,
      "max": 24.31625747680664
    },
    {
      "mean": 9.191557884216309,
      "std": 5.767186164855957,
      "min": 4.6249308586120605,
      "max": 29.025184631347656
    },
    {
      "mean": 11.202513694763184,
      "std": 6.191862106323242,
      "min": 5.256911277770996,
      "max": 32.13686752319336
    },
    {
      "mean": 13.330300331115723,
      "std": 5.745777130126953,
      "min": 5.893420219421387,
      "max": 32.08774185180664
    },
    {
      "mean": 15.905050277709961,
      "std": 5.210179328918457,
      "min": 6.996767044067383,
      "max": 31.956703186035156
    }
  ],
  "pairwise_cosine": [
    [
      1.0,
      0.8294582962989807,
      0.7024378776550293,
      0.5923481583595276,
      0.49226200580596924,
      0.39160025119781494
    ],
    [
      0.8294582962989807,
      1.0,
      0.8970242142677307,
      0.7851898670196533,
      0.6705296039581299,
      0.5486887693405151
    ],
    [
      0.7024378776550293,
      0.8970242142677307,
      1.0,
      0.9169820547103882,
      0.8125163316726685,
      0.6857455372810364
    ],
    [
      0.5923481583595276,
      0.7851898670196533,
      0.9169820547103882,
      1.0,
      0.9231979250907898,
      0.8069696426391602
    ],
    [
      0.49226200580596924,
      0.6705296039581299,
      0.8125163316726685,
      0.9231979250907898,
      1.0,
      0.9157513380050659
    ],
    [
      0.39160025119781494,
      0.5486887693405151,
      0.6857455372810364,
      0.8069696426391602,
      0.9157513380050659,
      1.0
    ]
  ],
  "min_len": 16,
  "max_seq_len": 128,
  "checkpoint": "checkpoints/best_model.pt",
  "tokenizer": "data/tokenizer.json"
}